large_vehicle 0.8962 439.81 694.77 456.92 678.36 389.50 608.07 372.39 624.49
large_vehicle 0.8885 704.57 697.07 721.54 679.83 651.20 610.56 634.23 627.79
large_vehicle 0.8878 180.15 965.70 180.46 944.37 123.54 943.55 123.24 964.88
large_vehicle 0.8864 435.81 813.38 453.16 796.99 388.33 728.38 370.98 744.77
large_vehicle 0.8835 700.60 897.25 717.44 880.33 650.84 814.06 634.00 830.98
large_vehicle 0.8815 698.41 1064.05 715.75 1047.53 650.39 978.93 633.05 995.45
large_vehicle 0.8813 704.97 782.18 722.34 765.45 653.04 693.47 635.67 710.19
large_vehicle 0.8805 185.70 505.75 186.64 485.00 127.50 482.33 126.57 503.08
large_vehicle 0.8802 446.21 659.51 463.81 642.25 393.65 570.66 376.04 587.91
large_vehicle 0.8795 446.33 493.45 463.38 476.69 393.24 405.29 376.19 422.05
large_vehicle 0.8789 574.24 1350.08 646.64 1285.80 631.82 1269.10 559.42 1333.38
large_vehicle 0.8788 435.51 979.32 452.49 962.34 386.84 896.67 369.85 913.65
large_vehicle 0.8786 708.06 578.19 725.34 561.72 658.06 491.11 640.78 507.59
large_vehicle 0.8782 446.64 579.01 464.45 561.47 393.40 489.32 375.58 506.86
large_vehicle 0.8782 428.93 1136.31 445.45 1119.73 378.21 1052.73 361.69 1069.31
large_vehicle 0.8765 444.32 536.01 462.48 518.52 392.06 445.39 373.89 462.89
large_vehicle 0.8764 441.04 861.76 458.51 845.26 393.10 776.04 375.64 792.54
large_vehicle 0.8758 432.07 1016.71 449.06 999.72 384.97 935.62 367.97 952.61
large_vehicle 0.8757 883.16 813.27 883.57 791.37 825.62 790.28 825.21 812.19
large_vehicle 0.8750 439.94 902.10 457.85 884.39 387.81 813.53 369.90 831.24
large_vehicle 0.8745 873.77 783.34 874.07 760.82 817.09 760.08 816.80 782.60
large_vehicle 0.8743 177.60 1052.39 177.93 1031.82 119.54 1030.89 119.21 1051.46
large_vehicle 0.8742 713.34 623.86 730.85 605.97 660.35 536.98 642.85 554.87
large_vehicle 0.8742 186.18 1110.03 186.69 1088.18 130.04 1086.85 129.53 1108.70
large_vehicle 0.8734 188.00 533.64 188.62 512.81 132.03 511.13 131.41 531.96
large_vehicle 0.8734 173.65 1194.75 173.76 1173.30 118.81 1173.03 118.70 1194.48
large_vehicle 0.8734 720.34 422.40 736.33 406.73 664.76 333.74 648.78 349.41
large_vehicle 0.8733 174.49 1221.12 174.87 1199.98 118.02 1198.98 117.65 1220.11
large_vehicle 0.8729 698.75 1185.62 715.12 1169.36 644.45 1098.19 628.08 1114.46
large_vehicle 0.8727 701.74 1106.77 719.20 1089.30 650.46 1020.61 633.00 1038.08
large_vehicle 0.8724 702.29 982.72 719.26 965.20 649.02 897.21 632.06 914.73
large_vehicle 0.8714 711.51 745.69 729.06 728.08 658.22 657.46 640.67 675.08
large_vehicle 0.8714 293.09 801.36 361.89 733.77 345.28 716.87 276.48 784.45
large_vehicle 0.8713 184.88 562.53 185.17 541.41 129.33 540.65 129.04 561.77
large_vehicle 0.8710 558.41 1204.03 627.81 1140.75 612.20 1123.62 542.79 1186.90
large_vehicle 0.8704 550.95 1252.99 621.17 1185.57 605.41 1169.16 535.19 1236.57
large_vehicle 0.8702 449.02 621.89 467.25 604.17 396.60 531.52 378.38 549.24
large_vehicle 0.8702 302.66 556.05 373.95 486.94 356.26 468.69 284.97 537.81
large_vehicle 0.8702 444.32 412.00 462.34 394.27 392.99 323.81 374.97 341.54
large_vehicle 0.8699 183.65 676.68 184.18 654.94 127.31 653.55 126.77 675.29
large_vehicle 0.8697 302.75 715.15 369.38 649.58 351.90 631.83 285.27 697.39
large_vehicle 0.8696 436.49 1063.10 454.40 1045.49 384.67 974.62 366.76 992.23
large_vehicle 0.8696 710.75 455.15 727.38 439.01 658.98 368.56 642.35 384.70
large_vehicle 0.8696 303.21 595.03 372.02 526.40 355.27 509.60 286.45 578.23
large_vehicle 0.8695 558.15 1325.45 628.29 1259.58 612.97 1243.26 542.83 1309.14
large_vehicle 0.8691 177.86 937.86 178.89 916.39 122.44 913.68 121.41 935.15
large_vehicle 0.8690 432.17 934.76 449.33 917.39 383.51 852.39 366.36 869.76
large_vehicle 0.8687 439.56 774.37 455.96 757.99 389.52 691.49 373.13 707.87
large_vehicle 0.8686 428.89 1219.90 445.79 1203.27 378.56 1134.92 361.66 1151.54
large_vehicle 0.8684 884.39 1275.57 884.56 1252.60 806.16 1252.02 805.99 1274.99
large_vehicle 0.8683 561.63 765.92 630.74 696.36 612.91 678.64 543.80 748.21
large_vehicle 0.8678 558.07 1127.11 629.54 1056.63 612.31 1039.16 540.85 1109.65
large_vehicle 0.8678 301.02 511.42 371.11 446.80 354.34 428.61 284.25 493.24
large_vehicle 0.8676 428.10 1262.10 445.01 1246.38 380.28 1176.76 363.38 1192.48
large_vehicle 0.8674 698.83 1019.48 715.99 1002.55 648.49 934.10 631.33 951.02
large_vehicle 0.8674 182.15 705.41 182.61 683.74 127.80 682.56 127.33 704.23
large_vehicle 0.8673 431.65 1100.27 448.99 1083.57 385.09 1017.20 367.75 1033.89
large_vehicle 0.8665 561.40 1084.93 631.39 1017.41 614.05 999.44 544.06 1066.96
large_vehicle 0.8663 301.00 634.65 369.50 569.49 352.15 551.25 283.65 616.41
large_vehicle 0.8660 180.17 647.36 180.42 625.20 125.03 624.60 124.79 646.76
large_vehicle 0.8660 560.21 402.93 634.33 335.02 618.05 317.25 543.92 385.15
large_vehicle 0.8659 431.36 1179.17 448.05 1162.51 380.18 1094.51 363.49 1111.16
large_vehicle 0.8659 308.05 470.01 374.49 404.89 356.58 386.62 290.14 451.74
large_vehicle 0.8657 181.98 878.95 182.12 857.64 123.26 857.28 123.13 878.59
large_vehicle 0.8650 449.53 457.80 466.95 441.02 398.95 370.44 381.54 387.21
large_vehicle 0.8636 123.80 821.80 183.82 821.79 183.82 799.19 123.80 799.19
large_vehicle 0.8634 179.31 908.26 179.88 886.23 123.05 884.78 122.49 906.81
large_vehicle 0.8632 872.64 1185.35 872.78 1165.21 815.36 1164.80 815.21 1184.93
large_vehicle 0.8630 290.77 1204.87 365.34 1134.41 348.21 1116.28 273.64 1186.74
large_vehicle 0.8620 554.92 1168.45 627.87 1099.64 611.38 1082.15 538.42 1150.96
large_vehicle 0.8619 561.85 1001.62 632.90 935.25 615.90 917.04 544.85 983.42
large_vehicle 0.8617 564.32 883.58 634.28 815.14 615.81 796.26 545.85 864.71
large_vehicle 0.8616 710.04 662.04 727.44 644.86 659.45 575.97 642.05 593.14
large_vehicle 0.8610 294.85 1080.55 366.80 1011.84 348.87 993.07 276.92 1061.78
large_vehicle 0.8609 710.04 496.54 727.55 479.13 657.46 408.66 639.95 426.08
large_vehicle 0.8605 297.07 919.38 364.94 852.49 347.90 835.21 280.03 902.10
large_vehicle 0.8598 286.76 1323.52 357.12 1256.53 341.67 1240.31 271.31 1307.30
large_vehicle 0.8596 884.51 844.03 885.06 821.68 825.62 820.22 825.07 842.57
large_vehicle 0.8591 713.59 543.12 731.21 526.11 661.29 453.71 643.67 470.72
large_vehicle 0.8590 293.05 963.51 365.75 893.69 347.96 875.17 275.26 944.99
large_vehicle 0.8588 298.58 839.03 367.40 767.33 350.23 750.85 281.41 822.55
large_vehicle 0.8588 184.33 617.97 184.50 595.87 126.67 595.43 126.50 617.53
large_vehicle 0.8584 307.07 389.78 378.66 318.61 360.86 300.70 289.27 371.87
large_vehicle 0.8574 303.47 1347.49 377.45 1283.37 362.23 1265.82 288.25 1329.93
large_vehicle 0.8569 564.84 522.79 636.29 453.23 619.72 436.21 548.27 505.78
large_vehicle 0.8568 559.59 1043.17 632.26 977.15 614.74 957.88 542.08 1023.90
large_vehicle 0.8566 289.72 1282.18 361.34 1215.25 346.21 1199.07 274.59 1266.00
large_vehicle 0.8566 177.34 1165.48 177.38 1144.36 117.62 1144.24 117.58 1165.37
large_vehicle 0.8558 703.48 943.51 720.62 926.14 650.23 856.66 633.08 874.03
large_vehicle 0.8552 565.99 560.67 636.22 490.29 619.86 473.96 549.63 544.34
large_vehicle 0.8546 176.00 1024.03 176.13 1002.87 117.90 1002.51 117.77 1023.67
large_vehicle 0.8544 883.48 1128.33 883.55 1107.54 824.03 1107.33 823.96 1128.12
large_vehicle 0.8535 566.57 718.06 637.39 651.47 620.39 633.39 549.57 699.98
large_vehicle 0.8529 886.61 726.28 887.14 704.74 828.78 703.30 828.24 724.84
large_vehicle 0.8526 880.13 956.76 880.14 935.42 823.80 935.39 823.79 956.73
large_vehicle 0.8525 563.48 804.45 632.06 733.95 614.32 716.68 545.73 787.18
large_vehicle 0.8521 883.92 871.26 884.52 850.79 826.97 849.09 826.36 869.56
large_vehicle 0.8518 567.14 597.94 637.78 529.69 621.27 512.60 550.63 580.85
large_vehicle 0.8516 124.23 995.82 179.88 995.60 179.80 975.35 124.15 975.57
large_vehicle 0.8516 824.19 1099.63 881.71 1099.62 881.71 1078.37 824.19 1078.38
large_vehicle 0.8512 291.54 1161.55 366.30 1091.59 349.33 1073.45 274.56 1143.41
large_vehicle 0.8511 304.10 751.15 372.96 687.25 356.11 669.09 287.24 732.98
large_vehicle 0.8510 183.89 735.64 184.16 713.27 127.93 712.58 127.65 734.96
large_vehicle 0.8510 303.37 673.75 370.28 608.71 352.34 590.25 285.43 655.29
large_vehicle 0.8508 557.32 1287.01 625.52 1221.58 609.95 1205.35 541.75 1270.78
large_vehicle 0.8505 178.48 850.84 178.58 829.61 120.34 829.36 120.25 850.58
large_vehicle 0.8502 873.87 1388.89 874.07 1364.46 794.96 1363.81 794.76 1388.23
large_vehicle 0.8500 875.81 1156.08 875.93 1135.20 815.34 1134.84 815.21 1155.73
large_vehicle 0.8499 176.47 1138.51 176.62 1118.34 120.41 1117.91 120.26 1138.08
large_vehicle 0.8497 565.91 842.63 637.64 772.11 619.76 753.92 548.02 824.44
large_vehicle 0.8488 302.76 877.67 369.58 811.19 351.77 793.29 284.95 859.77
large_vehicle 0.8486 175.51 1080.36 175.81 1059.64 118.82 1058.82 118.52 1079.55
large_vehicle 0.8484 565.80 439.33 639.48 368.21 622.63 350.76 548.95 421.88
large_vehicle 0.8479 130.83 348.59 197.79 343.70 196.11 320.68 129.15 325.56
large_vehicle 0.8477 288.13 1046.43 358.74 977.11 342.00 960.06 271.39 1029.38
large_vehicle 0.8477 875.79 1301.98 876.27 1282.81 806.98 1281.11 806.51 1300.28
large_vehicle 0.8467 816.79 1215.53 881.60 1215.17 881.48 1193.30 816.67 1193.66
large_vehicle 0.8458 289.51 1243.97 361.66 1175.92 345.85 1159.15 273.69 1227.19
large_vehicle 0.8453 291.35 1005.01 357.80 938.25 340.68 921.21 274.23 987.98
large_vehicle 0.8451 126.85 376.59 192.84 376.30 192.74 352.84 126.74 353.13
large_vehicle 0.8430 117.40 1305.21 175.71 1304.92 175.61 1285.04 117.30 1285.33
large_vehicle 0.8425 119.77 1277.63 177.17 1276.98 176.93 1255.94 119.53 1256.59
large_vehicle 0.8423 888.06 753.28 888.18 732.97 829.39 732.62 829.27 752.92
large_vehicle 0.8419 563.16 963.94 635.46 894.57 617.38 875.74 545.09 945.11
large_vehicle 0.8381 826.35 1041.06 884.01 1040.91 883.96 1020.44 826.29 1020.59
large_vehicle 0.8372 292.37 1123.00 361.73 1055.06 345.23 1038.22 275.88 1106.16
large_vehicle 0.8362 884.38 899.91 885.05 878.17 825.99 876.34 825.32 898.07
large_vehicle 0.8360 182.17 589.37 182.35 567.88 126.92 567.41 126.74 588.90
large_vehicle 0.8357 192.39 764.81 192.82 743.07 136.63 741.94 136.19 763.68
large_vehicle 0.8348 885.32 670.68 885.48 648.14 827.66 647.72 827.50 670.26
large_vehicle 0.8340 117.74 1248.21 175.37 1247.46 175.12 1227.80 117.48 1228.54
large_vehicle 0.8312 304.90 429.96 373.37 363.19 356.51 345.90 288.04 412.67
large_vehicle 0.8305 888.63 1070.32 888.74 1049.25 827.95 1048.94 827.84 1070.01
large_vehicle 0.8267 566.32 479.08 637.61 409.34 620.66 392.01 549.37 461.75
large_vehicle 0.8211 562.98 925.04 634.70 854.39 616.16 835.56 544.44 906.22
large_vehicle 0.8148 879.55 928.71 879.96 906.95 826.10 905.94 825.69 927.69
small_vehicle 0.8136 172.64 316.18 172.99 297.57 132.63 296.81 132.28 315.41
large_vehicle 0.8125 188.00 450.10 188.63 430.38 134.50 428.65 133.87 448.38
large_vehicle 0.7955 78.79 860.89 103.36 860.41 101.54 765.68 76.97 766.16
small_vehicle 0.7818 301.30 352.34 339.00 314.28 325.41 300.82 287.72 338.88
large_vehicle 0.7623 873.77 1419.82 874.14 1396.53 801.64 1395.36 801.26 1418.65
small_vehicle 0.7617 579.98 348.99 608.53 319.95 594.31 305.98 565.76 335.01
large_vehicle 0.7602 684.10 1206.47 698.87 1190.81 648.10 1142.94 633.34 1158.59
large_vehicle 0.7495 879.54 987.10 879.60 964.64 826.84 964.49 826.78 986.96
large_vehicle 0.7487 679.84 1286.07 695.17 1270.34 646.04 1222.49 630.71 1238.23
large_vehicle 0.7312 678.63 1239.73 694.01 1223.21 646.26 1178.74 630.88 1195.26
large_vehicle 0.6917 826.54 1013.01 880.78 1012.85 880.71 991.84 826.48 992.01
large_vehicle 0.6243 165.23 1328.75 165.37 1308.78 117.78 1308.45 117.64 1328.41
small_vehicle 0.5334 171.39 415.37 171.92 398.50 136.94 397.40 136.42 414.28